x	y
5.656854249492381	5.656854249492381
5.656854249492381	5.656854249492381
5.65691612470257	5.65691612470257
5.656998525391089	5.656998525391089
5.657101340677111	5.657101340677111
5.657224461141698	5.657224461141699
5.657367778810508	5.657367778810509
5.65753118713664	5.657531187136639
5.657714580983645	5.657714580983644
5.657917856608681	5.657917856608681
5.658140911645826	5.658140911645825
5.658383645089527	5.6583836450895255
5.658645957278211	5.658645957278211
5.658927749878039	5.658927749878038
5.659228925866798	5.659228925866796
5.659549389517947	5.659549389517948
5.659889046384816	5.659889046384817
5.660247803284927	5.660247803284925
5.660625568284469	5.660625568284468
5.6610222506829215	5.661022250682922
5.661437760997811	5.66143776099781
5.661872010949591	5.661872010949591
5.6623249134467	5.662324913446701
5.662796382570718	5.6627963825707175
5.663286333561676	5.663286333561676
5.6637946828035055	5.663794682803505
5.664321347809611	5.66432134780961
5.66486624720858	5.664866247208581
5.665429300730037	5.665429300730038
5.666010429190604	5.666010429190603
5.666609554480015	5.666609554480015
5.667226599547345	5.667226599547345
5.667861488387381	5.66786148838738
5.668514146027095	5.668514146027095
5.669184498512285	5.669184498512285
5.66987247289429	5.669872472894291
5.670577997216875	5.670577997216875
5.671301000503207	5.671301000503208
5.672041412742972	5.672041412742972
5.672799164879609	5.67279916487961
5.673574188797658	5.673574188797657
5.674366417310223	5.674366417310223
5.6751757841465835	5.675175784146582
5.676002223939876	5.676002223939877
5.67684567221494	5.67684567221494
5.677706065376235	5.677706065376236
5.678583340695906	5.678583340695906
5.679477436301945	5.679477436301946
5.6803882911664685	5.6803882911664685
5.681315845094107	5.681315845094106
5.682260038710499	5.682260038710498
5.6832208134509115	5.683220813450911
5.68419811154894	5.68419811154894
5.685191876025355	5.685191876025354
5.686202050677005	5.6862020506770055
5.687228580065877	5.687228580065876
5.688271409508224	5.688271409508224
5.689330485063815	5.689330485063815
5.690405753525278	5.690405753525279
5.6914971624075505	5.6914971624075505
5.6926046599374285	5.692604659937429
5.693728195043219	5.69372819504322
5.694867717344485	5.694867717344485
5.69602317714189	5.69602317714189
5.697194525407146	5.697194525407147
5.698381713773052	5.698381713773053
5.699584694523627	5.699584694523629
5.700803420584343	5.700803420584343
5.702037845512444	5.702037845512443
5.703287923487364	5.703287923487365
5.704553609301236	5.704553609301235
5.705834858349487	5.705834858349487
5.707131626621528	5.7071316266215275
5.708443870691533	5.708443870691532
5.709771547709302	5.709771547709302
5.711114615391216	5.7111146153912165
5.712473032011278	5.712473032011279
5.713846756392241	5.713846756392242
5.715235747896808	5.715235747896808
5.716639966418941	5.716639966418942
5.71805937237523	5.7180593723752295
5.719493926696354	5.719493926696353
5.720943590818631	5.720943590818631
5.72240832667563	5.72240832667563
5.723888096689882	5.723888096689883
5.72538286376466	5.72538286376466
5.726892591275841	5.726892591275841
5.72841724306384	5.7284172430638405
5.729956783425632	5.7299567834256315
5.731511177106838	5.731511177106839
5.733080389293895	5.733080389293896
5.7346643856062975	5.7346643856062975
5.736263132088909	5.73626313208891
5.7378765952043596	5.737876595204359
5.739504741825491	5.739504741825491
5.741147539227902	5.741147539227901
5.742804955082551	5.742804955082552
5.7444769574484225	5.744476957448423
5.746163514765275	5.746163514765275
5.747864595846444	5.747864595846445
5.749580169871739	5.749580169871739
5.751310206380369	5.75131020638037
5.753054675263971	5.75305467526397
5.754813546759678	5.754813546759679
5.7565867914432785	5.756586791443278
5.758374380222404	5.758374380222403
5.760176284329818	5.760176284329818
5.7619924753167515	5.7619924753167515
5.7638229250462905	5.76382292504629
5.765667605686843	5.7656676056868434
5.76752648970566	5.76752648970566
5.769399549862418	5.769399549862417
5.771286759202856	5.771286759202856
5.773188091052482	5.773188091052482
5.775103519010332	5.775103519010332
5.777033016942779	5.777033016942777
5.778976558977422	5.778976558977423
5.780934119497004	5.7809341194970045
5.782905673133411	5.782905673133411
5.784891194761709	5.784891194761708
5.78689065949424	5.78689065949424
5.788904042674784	5.788904042674783
5.790931319872755	5.790931319872756
5.792972466877471	5.79297246687747
5.795027459692451	5.795027459692452
5.7970962745298005	5.7970962745298005
5.799178887804605	5.799178887804606
5.8012752761294175	5.801275276129417
5.803385416308755	5.803385416308753
5.805509285333682	5.805509285333682
5.807646860376417	5.807646860376419
5.809798118785008	5.809798118785009
5.811963038078027	5.8119630380780265
5.81414159593935	5.81414159593935
5.8163337702129505	5.816333770212951
5.8185395388977685	5.818539538897768
5.820758880142595	5.820758880142595
5.822991772241029	5.822991772241029
5.825238193626468	5.825238193626467
5.827498122867139	5.827498122867141
5.829771538661185	5.829771538661186
5.83205841983178	5.832058419831781
5.834358745322307	5.834358745322307
5.836672494191559	5.836672494191558
5.838999645608994	5.838999645608995
5.8413401788500305	5.841340178850029
5.843694073291375	5.843694073291374
5.8460613084064095	5.8460613084064095
5.848441863760598	5.848441863760599
5.850835719006949	5.85083571900695
5.853242853881504	5.853242853881504
5.855663248198877	5.855663248198878
5.85809688184783	5.85809688184783
5.860543734786878	5.860543734786878
5.863003787039947	5.863003787039947
5.865477018692048	5.865477018692047
5.867963409885017	5.867963409885017
5.870462940813262	5.870462940813261
5.872975591719564	5.872975591719564
5.875501342890916	5.875501342890917
5.878040174654378	5.878040174654378
5.880592067372988	5.880592067372987
5.883157001441696	5.883157001441696
5.8857349572833435	5.885734957283343
5.8883259153446526	5.888325915344653
5.890929856092282	5.890929856092282
5.893546760008892	5.893546760008893
5.896176607589246	5.896176607589246
5.898819379336353	5.898819379336352
5.9014750557576345	5.9014750557576345
5.904143617361131	5.904143617361131
5.906825044651722	5.906825044651722
5.909519318127403	5.909519318127403
5.912226418275576	5.912226418275575
5.91494632556937	5.914946325569369
5.917679020463999	5.917679020463999
5.920424483393152	5.920424483393151
5.923182694765394	5.923182694765394
5.9259536349606226	5.9259536349606226
5.928737284326535	5.928737284326535
5.931533623175127	5.931533623175127
5.934342631779224	5.934342631779224
5.9371642903690365	5.9371642903690365
5.939998579128754	5.939998579128753
5.942845478193139	5.942845478193139
5.945704967644183	5.945704967644183
5.948577027507764	5.948577027507763
5.951461637750343	5.951461637750343
5.954358778275681	5.954358778275681
5.957268428921583	5.957268428921583
5.960190569456674	5.960190569456673
5.9631251795771885	5.963125179577188
5.966072238903797	5.966072238903797
5.969031726978454	5.969031726978454
5.972003623261264	5.972003623261263
5.9749879071273835	5.9749879071273835
5.977984557863937	5.977984557863937
5.980993554666966	5.980993554666966
5.984014876638394	5.984014876638394
5.987048502783022	5.987048502783021
5.990094412005539	5.990094412005538
5.9931525831075705	5.993152583107569
5.996222994784724	5.996222994784725
5.999305625623699	5.999305625623698
6.002400454099365	6.002400454099367
6.005507458571918	6.00550745857192
6.008626617284017	6.008626617284016
6.011757908357958	6.011757908357957
6.014901309792879	6.0149013097928785
6.018056799461971	6.018056799461971
6.02122435510972	6.02122435510972
6.02440395434917	6.024403954349168
6.027595574659193	6.027595574659192
6.0307991933818075	6.0307991933818075
6.034014787719493	6.034014787719494
6.037242334732537	6.037242334732537
6.040481811336395	6.040481811336395
6.04373319429908	6.043733194299081
6.046996460238572	6.046996460238573
6.050271585620231	6.050271585620231
6.053558546754252	6.053558546754251
6.05685731979313	6.05685731979313
6.060167880729136	6.060167880729135
6.063490205391829	6.06349020539183
6.066824269445579	6.066824269445579
6.070170048387105	6.070170048387104
6.073527517543041	6.07352751754304
6.076896652067512	6.076896652067512
6.080277426939737	6.0802774269397375
6.083669816961652	6.0836698169616525
6.087073796755534	6.087073796755534
6.090489340761667	6.090489340761666
6.093916423236013	6.093916423236012
6.097355018247906	6.097355018247906
6.100805099677755	6.100805099677754
6.104266641214783	6.104266641214782
6.107739616354764	6.107739616354765
6.111223998397797	6.111223998397797
6.114719760446079	6.1147197604460795
6.11822687540171	6.11822687540171
6.1217453159645085	6.1217453159645085
6.125275054629853	6.125275054629852
6.128816063686524	6.128816063686524
6.1323683152145865	6.1323683152145865
6.135931781083268	6.135931781083267
6.139506432948865	6.139506432948865
6.143092242252675	6.143092242252674
6.14668918021892	6.146689180218921
6.150297217852719	6.150297217852721
6.1539163259380505	6.153916325938051
6.157546475035747	6.157546475035746
6.1611876354815	6.1611876354815
6.164839777383894	6.164839777383895
6.168502870622434	6.168502870622435
6.172176884845617	6.172176884845617
6.175861789468996	6.175861789468996
6.179557553673279	6.179557553673279
6.183264146402433	6.183264146402432
6.186981536361813	6.186981536361814
6.190709692016306	6.190709692016306
6.1944485815884756	6.194448581588477
6.198198173056759	6.198198173056758
6.201958434153634	6.201958434153635
6.205729332363848	6.205729332363848
6.209510834922633	6.209510834922631
6.213302908813945	6.213302908813943
6.217105520768724	6.217105520768723
6.220918637263173	6.220918637263174
6.2247422245170405	6.224742224517041
6.228576248491931	6.228576248491932
6.232420674889627	6.232420674889628
6.236275469150436	6.236275469150435
6.240140596451529	6.240140596451528
6.244016021705336	6.244016021705336
6.247901709557922	6.247901709557923
6.2517976243873905	6.251797624387389
6.255703730302311	6.2557037303023115
6.2596199911401555	6.259619991140155
6.263546370465757	6.263546370465756
6.267482831569772	6.2674828315697715
6.271429337467179	6.271429337467179
6.275385850895774	6.275385850895774
6.279352334314698	6.279352334314698
6.283328749902965	6.283328749902966
6.287315059558029	6.287315059558029
6.2913112248943435	6.291311224894344
6.295317207241953	6.295317207241953
6.299332967645095	6.299332967645095
6.303358466860821	6.303358466860821
6.307393665357635	6.307393665357635
6.311438523314141	6.311438523314141
6.315493000617723	6.315493000617724
6.319557056863223	6.319557056863223
6.32363065135165	6.323630651351649
6.327713743088893	6.327713743088892
6.331806290784474	6.331806290784473
6.335908252850283	6.335908252850283
6.340019587399365	6.3400195873993646
6.344140252244699	6.3441402522447
6.348270204898007	6.348270204898007
6.352409402568573	6.352409402568573
6.356557802162086	6.3565578021620865
6.360715360279497	6.360715360279497
6.364882033215885	6.364882033215884
6.369057776959358	6.369057776959358
6.373242547189956	6.373242547189955
6.377436299278572	6.377436299278573
6.381638988285907	6.381638988285907
6.385850568961417	6.385850568961418
6.3900709957423	6.3900709957423
6.3943002227524826	6.394300222752483
6.398538203801644	6.398538203801644
6.402784892384238	6.402784892384238
6.407040241678541	6.407040241678541
6.411304204545722	6.411304204545721
6.415576733528925	6.415576733528924
6.419857780852367	6.419857780852368
6.424147298420466	6.424147298420465
6.428445237816966	6.428445237816966
6.432751550304104	6.432751550304102
6.437066186821775	6.437066186821774
6.44138909798673	6.441389097986729
6.445720234091782	6.445720234091783
6.450059545105035	6.450059545105035
6.454406980669134	6.454406980669134
6.458762490100519	6.458762490100519
6.463126022388726	6.463126022388726
6.4674975261956735	6.467497526195674
6.471876949854989	6.471876949854989
6.476264241371348	6.476264241371348
6.480659348419834	6.480659348419833
6.485062218345307	6.485062218345308
6.489472798161815	6.489472798161814
6.493891034551988	6.4938910345519885
6.498316873866488	6.498316873866487
6.502750262123453	6.5027502621234525
6.507191145007975	6.507191145007976
6.511639467871583	6.511639467871583
6.516095175731759	6.516095175731759
6.520558213271462	6.520558213271464
6.525028524838691	6.525028524838691
6.52950605444603	6.5295060544460295
6.533990745770254	6.533990745770255
6.538482542151935	6.538482542151935
6.542981386595059	6.542981386595059
6.547487221766681	6.547487221766682
6.551999989996592	6.551999989996592
6.556519633277	6.556519633276999
6.561046093262239	6.561046093262238
6.5655793112685	6.5655793112685
6.570119228273569	6.570119228273569
6.5746657849166015	6.574665784916601
6.5792189214979	6.5792189214979
6.583778577978735	6.583778577978734
6.588344693981156	6.588344693981155
6.592917208787852	6.592917208787853
6.597496061342015	6.5974960613420155
6.602081190247225	6.602081190247225
6.6066725337673695	6.6066725337673695
6.611270029826559	6.611270029826558
6.6158736160090905	6.615873616009091
6.620483229559413	6.620483229559413
6.625098807382124	6.625098807382125
6.629720286041972	6.629720286041972
6.634347601763906	6.634347601763906
6.638980690433114	6.638980690433115
6.643619487595116	6.643619487595116
6.648263928455847	6.6482639284558465
6.6529139478817845	6.6529139478817845
6.657569480400082	6.657569480400083
6.662230460198738	6.662230460198739
6.666896821126768	6.666896821126767
6.671568496694415	6.671568496694416
6.676245420073378	6.676245420073378
6.680927524097045	6.680927524097046
6.68561474126078	6.685614741260782
6.6903070037221966	6.6903070037221966
6.695004243251233	6.695004243251233
6.699706391115674	6.699706391115674
6.704413378039046	6.704413378039046
6.709125134243158	6.709125134243159
6.713841589490974	6.713841589490974
6.718562673129737	6.718562673129737
6.723288314134357	6.723288314134358
6.728018441150981	6.728018441150981
6.732752982540738	6.732752982540738
6.737491866423588	6.737491866423587
6.742235020722267	6.742235020722267
6.74698237320627	6.74698237320627
6.751733851535826	6.7517338515358265
6.756489383305852	6.756489383305854
6.761248896089829	6.76124889608983
6.766012317483551	6.766012317483552
6.770779575148751	6.770779575148751
6.7755505968564975	6.775550596856499
6.7803253105304115	6.7803253105304115
6.785103644289578	6.785103644289578
6.789885526491182	6.789885526491182
6.7946708857728035	6.794670885772804
6.799459651094336	6.7994596510943355
6.804251751779497	6.804251751779496
6.809047117556911	6.809047117556911
6.813845678600698	6.813845678600698
6.818647365570567	6.818647365570567
6.823452109651364	6.823452109651364
6.8282598425920495	6.828259842592049
6.833070496744061	6.833070496744061
6.837884005099068	6.837884005099069
6.842700301326025	6.842700301326024
6.847519319807568	6.847519319807569
6.852340995675665	6.852340995675665
6.857165264846533	6.857165264846534
6.861992064054773	6.861992064054775
6.86682133088671	6.86682133088671
6.871653003812902	6.871653003812901
6.876487022219813	6.876487022219813
6.881323326440608	6.881323326440609
6.886161857785052	6.886161857785052
6.8910025585685055	6.891002558568504
6.895845372139978	6.895845372139978
6.900690242909245	6.900690242909246
6.905537116372978	6.905537116372978
6.910385939139898	6.910385939139898
6.91523665895493	6.915236658954931
6.920089224722334	6.920089224722333
6.924943586527813	6.924943586527812
6.929799695659569	6.929799695659568
6.93465750462832	6.934657504628319
6.939516967186236	6.939516967186235
6.944378038344809	6.944378038344808
6.9492406743916355	6.949240674391636
6.954104832906123	6.954104832906123
6.958970472774069	6.958970472774069
6.96383755420117	6.963837554201171
6.968706038725413	6.968706038725413
6.973575889228341	6.973575889228341
6.978447069945223	6.978447069945224
6.983319546474118	6.983319546474117
6.988193285783793	6.988193285783795
6.993068256220562	6.993068256220562
6.997944427513986	6.9979444275139855
7.002821770781477	7.002821770781478
7.007700258531801	7.007700258531802
7.012579864667459	7.01257986466746
7.017460564485986	7.017460564485987
7.022342334680162	7.022342334680163
7.027225153337126	7.027225153337127
7.032108999936427	7.032108999936427
7.036993855347004	7.036993855347003
7.041879701823104	7.041879701823103
7.0467665229991665	7.046766522999166
7.051654303883654	7.051654303883655
7.056543030851882	7.056543030851882
7.0614326916378145	7.061432691637815
7.0663232753248835	7.066323275324883
7.071214772335811	7.071214772335811
7.076107174421478	7.076107174421478
7.081000474648825	7.081000474648824
7.085894667387835	7.085894667387834
7.0907897482975795	7.0907897482975795
7.095685714311385	7.095685714311385
7.100582563621092	7.100582563621094
7.105480295660481	7.105480295660479
7.1103789110878175	7.1103789110878175
7.11527841176761	7.11527841176761
7.120178800751536	7.120178800751537
7.1250800822586	7.1250800822586005
7.129982261654517	7.129982261654518
7.134885345430378	7.134885345430378
7.1397893411805695	7.13978934118057
7.144694257580023	7.1446942575800225
7.14960010436077	7.149600104360769
7.154506892287872	7.154506892287872
7.159414633134704	7.1594146331347055
7.1643233396576465	7.164323339657647
7.169233025570204	7.169233025570205
7.174143705516563	7.174143705516563
7.179055395044626	7.179055395044627
7.183968110578547	7.183968110578546
7.188881869390773	7.188881869390772
7.193796689573664	7.193796689573663
7.198712590010652	7.1987125900106514
7.203629590347022	7.203629590347022
7.208547710960312	7.208547710960311
7.213466972930353	7.2134669729303535
7.218387398009005	7.218387398009004
7.223309008589574	7.223309008589574
7.228231827675983	7.228231827675982
7.233155878851663	7.233155878851663
7.238081186248261	7.238081186248261
7.243007774514127	7.243007774514128
7.247935668782649	7.247935668782648
7.252864894640437	7.252864894640437
7.257795478095395	7.257795478095395
7.262727445544705	7.262727445544705
7.267660823742741	7.267660823742742
7.272595639768945	7.272595639768945
7.2775319209956955	7.277531920995695
7.28246969505617	7.282469695056169
7.287408989812267	7.287408989812268
7.292349833322573	7.2923498333225725
7.2972922538104115	7.297292253810412
7.302236279632017	7.302236279632018
7.307181939244826	7.307181939244828
7.312129261175939	7.312129261175939
7.317078273990754	7.317078273990752
7.322029006261803	7.322029006261803
7.326981486537829	7.326981486537829
7.331935743313094	7.331935743313094
7.336891804996969	7.336891804996968
7.341849699883815	7.341849699883815
7.346809456123186	7.346809456123186
7.351771101690353	7.351771101690353
7.356734664357202	7.356734664357202
7.361700171663492	7.361700171663493
7.366667650888527	7.3666676508885285
7.37163712902324	7.371637129023241
7.376608632742699	7.3766086327427
7.381582188379091	7.381582188379092
7.3865578218951615	7.386557821895163
7.391535558858152	7.391535558858152
7.396515424414244	7.396515424414244
7.401497443263526	7.401497443263526
7.406481639635513	7.406481639635512
7.411468037265193	7.411468037265192
7.416456659369694	7.416456659369695
7.42144752862549	7.421447528625491
7.426440667146239	7.426440667146239
7.431436096461223	7.431436096461223
7.436433837494425	7.436433837494424
7.441433910544234	7.441433910544234
7.446436335263823	7.446436335263822
7.451441130642173	7.451441130642173
7.456448314985779	7.456448314985779
7.461457905901055	7.461457905901055
7.4664699202774125	7.4664699202774125
7.4714843742710615	7.4714843742710615
7.476501283289521	7.4765012832895215
7.481520661976853	7.481520661976853
7.486542524199618	7.486542524199619
7.491566883033585	7.491566883033585
7.496593750751166	7.496593750751167
7.501623138809608	7.501623138809608
7.506655057839942	7.506655057839941
7.511689517636684	7.5116895176366825
7.516726527148307	7.516726527148307
7.521766094468464	7.521766094468463
7.526808226827997	7.526808226827997
7.531852930587709	7.531852930587708
7.536900211231898	7.536900211231898
7.541950073362687	7.541950073362687
7.547002520695109	7.547002520695109
7.552057556052963	7.552057556052962
7.557115181365459	7.55711518136546
7.562175397664623	7.562175397664623
7.567238205083468	7.567238205083467
7.5723036028549275	7.572303602854927
7.5773715893115785	7.5773715893115785
7.582442161886079	7.582442161886079
7.587515317112398	7.5875153171124
7.592591050627777	7.592591050627778
7.597669357175434	7.597669357175434
7.602750230608006	7.602750230608004
7.607833663891732	7.607833663891733
7.612919649111354	7.612919649111354
7.618008177475713	7.618008177475712
7.623099239324089	7.623099239324089
7.628192824133212	7.62819282413321
7.633288920524963	7.633288920524961
7.638387516274774	7.638387516274772
7.643488598320665	7.6434885983206655
7.648592152772978	7.648592152772977
7.653698164924709	7.653698164924709
7.658806619262521	7.658806619262519
7.6639174994783374	7.663917499478337
7.669030788481583	7.669030788481583
7.674146468411989	7.674146468411987
7.679264520652989	7.67926452065299
7.684384925845703	7.684384925845703
7.689507663903436	7.689507663903437
7.694632714026753	7.694632714026753
7.699760054719052	7.699760054719054
7.704889663802659	7.704889663802657
7.710021518435398	7.710021518435398
7.715155595127666	7.715155595127665
7.720291869759925	7.720291869759926
7.725430317600685	7.725430317600685
7.730570913324857	7.730570913324857
7.7357136310325645	7.735713631032564
7.740858444268308	7.740858444268307
7.74600532604052	7.746005326040519
7.751154248841468	7.751154248841469
7.756305184667488	7.756305184667488
7.76145810503954	7.761458105039541
7.766612981024067	7.766612981024068
7.771769783254111	7.771769783254111
7.776928481950714	7.776928481950712
7.782089046944541	7.782089046944542
7.78725144769774	7.787251447697741
7.7924156533259845	7.792415653325984
7.797581632620718	7.797581632620716
7.802749354071544	7.802749354071544
7.807918785888779	7.807918785888779
7.813089896026103	7.813089896026103
7.818262652203343	7.818262652203344
7.823437021929317	7.823437021929319
7.828612972524767	7.828612972524767
7.833790471145303	7.833790471145303
7.838969484804416	7.838969484804416
7.8441499803964625	7.844149980396464
7.849331924719661	7.84933192471966
7.854515284499038	7.854515284499039
7.859700026409341	7.85970002640934
7.864886117097866	7.864886117097865
7.870073523207214	7.870073523207214
7.875262211397931	7.875262211397933
7.880452148371025	7.880452148371026
7.885643300890334	7.885643300890335
7.8908356358047556	7.8908356358047556
7.896029120070271	7.8960291200702715
7.901223720771791	7.901223720771792
7.90641940514479	7.906419405144792
7.911616140596703	7.911616140596703
7.916813894728069	7.916813894728069
7.922012635353445	7.922012635353445
7.927212330522004	7.9272123305220035
7.932412948537861	7.932412948537861
7.937614457980095	7.937614457980095
7.942816827722419	7.942816827722419
7.948020026952556	7.948020026952557
7.953224025191221	7.953224025191222
7.958428792310762	7.958428792310763
7.963634298553421	7.96363429855342
7.96884051454918	7.96884051454918
7.974047411333251	7.974047411333249
7.9792549603630825	7.9792549603630825
7.984463133535007	7.984463133535009
7.9896719032003976	7.9896719032003976
7.994881242181396	7.994881242181394
8.000091123786188	8.000091123786188
8.005301521823787	8.005301521823789
8.010512410618357	8.010512410618357
8.015723765023038	8.015723765023038
8.020935560433276	8.020935560433276
8.02614777279965	8.02614777279965
8.031360378640183	8.031360378640185
8.036573355052141	8.036573355052141
8.041786679723291	8.041786679723291
8.047000330942648	8.04700033094265
8.052214287610672	8.052214287610672
8.057428529248915	8.057428529248915
8.062643036009138	8.062643036009138
8.067857788681874	8.067857788681872
8.07307276870441	8.07307276870441
8.07828795816826	8.07828795816826
8.083503339826034	8.083503339826034
8.088718897097753	8.088718897097753
8.09393461407663	8.09393461407663
8.099150475534238	8.099150475534238
8.104366466925153	8.104366466925153
8.109582574391009	8.109582574391009
8.114798784763991	8.114798784763991
8.120015085569765	8.120015085569765
8.125231465029849	8.125231465029849
8.130447912063403	8.130447912063405
8.135664416288487	8.135664416288487
8.140880968022733	8.140880968022731
8.146097558283481	8.146097558283481
8.151314178787363	8.151314178787363
8.156530821949321	8.156530821949321
8.161747480881115	8.161747480881115
8.166964149370198	8.166964149370198
8.172180821799488	8.172180821799488
8.177397493081443	8.177397493081443
8.182614158647596	8.182614158647594
8.187830814438193	8.187830814438193
8.193047456891945	8.193047456891945
8.198264082935854	8.198264082935856
8.203480689975157	8.203480689975159
8.208697275883363	8.208697275883361
8.21391383899238	8.213913838992378
8.219130378082738	8.21913037808274
8.224346