0.969592
0.220097
0.156499
0.14957499999999999
0.152634
0.342076
0.262461
0.150756
0.14959699999999998
0.146789
0.139493
0.25971299999999997
0.269213
5.8191429999999995
0.174571
0.6880609999999999
0.181563
0.316612
0.167338
0.478942
0.1478
0.141889
0.141575
0.13750199999999999
0.30843
0.139019
0.454893
0.41088199999999997
0.49527
0.166563
0.133825
0.137674
0.12964799999999999
0.130872
0.126643
0.125895
0.344782
0.101822
0.11108599999999999
0.295549
0.301403
0.12365599999999999
0.25514
0.101862
0.099366
0.10700699999999999
0.098508
0.098314
0.096868
0.729336
0.18015199999999998
0.147749
0.172232
0.14668899999999999
0.14837799999999998
0.141395
0.136957
0.138965
0.14711
0.159436
0.160193
0.160529
0.17857299999999998
0.16481099999999999
0.14033099999999998
0.135454
0.131877
0.128765
0.134402
0.130345
0.136365
0.137762
0.141476
0.17732399999999998
0.15775999999999998
0.14601
0.132787
0.13857
0.131804
0.137421
0.14346899999999999
0.14611
0.130888
0.127083
0.129079
0.145178
0.138421
0.13544
0.142819
0.13786199999999998
0.151314
0.149306
0.159718
0.153161
0.15692799999999998
0.15162
0.141974
0.13969499999999999
0.144644
0.147533
0.1406
0.151159
0.138206
0.14454699999999998
0.152331
3.9116869999999997
0.172121
0.126117
0.130155
0.141213
0.134207
0.11311099999999999
0.09293
0.11810699999999999
0.093553
0.09224299999999999
0.09249299999999999
0.411006
0.096969
0.089164
0.097161
0.089409
0.089687
0.16858599999999999
0.17339
0.21442699999999998
0.176948
0.226376
0.14860199999999998
0.140069
0.183145
0.14418799999999998
0.141039
0.142335
0.140813
0.13695
0.12488199999999999
0.145611
0.131403
0.119741
0.127161
1.3201349999999998
0.45674899999999996
0.21472
0.179975
0.157834
0.13832
0.16053199999999998
0.14499399999999998
0.142074
0.129835
0.13397699999999998
0.142255
0.158004
0.128945
0.143957
0.167908
0.12385299999999999
0.611459
0.19805999999999999
0.16464199999999998
0.17676999999999998
0.148669
0.14512899999999998
0.13924
0.135161
0.130323
0.166996
0.309392
1.1856799999999998
0.416023
0.163656
0.150307
0.139271
0.13835999999999998
0.14032999999999998
0.140546
0.13292199999999998
0.13275599999999999
0.13996999999999998
0.135437
0.132765
0.138588
0.12895099999999998
0.13464099999999998
0.13463
0.127781
0.12553999999999998
0.14149799999999998
0.156528
0.13733199999999998
0.14372
0.130792
0.130569
1000.525129
0.193576
0.12800999999999998
0.117266
0.110485
0.11384999999999999
0.12978299999999998
0.152724
0.113883
0.10812899999999999
0.136257
0.11058899999999999
0.109529
0.115385
0.119351
0.12349099999999999
0.12820499999999999
0.12690099999999999
0.141073
0.117202
0.11776299999999999
0.121233
0.121261
0.14685299999999998
0.126047
0.11981199999999999
0.116895
0.11584799999999999
0.11724
0.149828
0.12232699999999999
0.116508
0.108834
0.108236
0.102547
0.11691299999999999
0.212617
0.11476
0.145622
0.112271
0.11506
0.105726
0.10510499999999999
0.09943099999999999
0.111963
0.12031
0.111659
0.222735
0.141594
0.220686
0.163137
0.750235
0.247332
0.15938
0.124758
0.115771
0.166577
0.13816299999999998
0.18800699999999998
0.22524899999999998
0.262778
0.146174
0.10714
0.11730099999999999
0.10277
0.09754
0.096577
0.095345
0.09453099999999999
0.327194
0.702873
0.478336
0.121002
0.101656
0.09344
0.092027
0.09509
0.115253
0.09332499999999999
0.11202999999999999
0.094016
0.092183
0.091634
0.090989
0.088145
0.088518
0.09914099999999999
0.11125399999999999
0.100059
0.09947299999999999
0.10138899999999999
0.099313
0.1059
0.102588
0.098064
0.100759
0.091139
0.098036
0.09690399999999999
0.098186
0.212311
0.22463899999999998
0.625041
0.369343
0.11626099999999999
0.12353
0.081123
0.06805599999999999
0.06672299999999999
0.064522
0.064413
0.06375
0.063206
0.073321
0.078457
0.062023999999999996
0.063905
0.073992
0.061168
0.061402
0.080938
0.071199
0.070785
0.069127
0.068984
0.061368
0.06114
0.060523999999999994
0.06354499999999999
0.067386
0.061
0.083151
0.059695
0.059163999999999994
0.061616
0.0593
0.061404999999999994
0.059813
0.059975
0.060576
0.060569
0.059073999999999995
0.060438
0.07318
0.069023
0.08472199999999999
0.089594
0.089019
0.060897999999999994
0.061475999999999996
0.069341
0.060038999999999995
0.060046999999999996
0.059824999999999996
0.08495599999999999
0.090864
0.089269
0.095549
0.078374
0.075807
0.075574
0.07471
0.07510499999999999
0.075407
0.09422499999999999
0.076995
0.089737
0.07485599999999999
0.075349
0.081534
0.077846
0.07585399999999999
0.074977
0.072366
0.072558
0.072585
0.073779
0.084072
0.077011
0.07275
0.074693
0.077247
0.073419
0.076137
0.085242
0.100671
0.103252
0.08682899999999999
0.109829
0.07706099999999999
0.07828
0.073221
0.073303
0.073072
0.073133
0.072119
0.072741
0.07743599999999999
0.07474599999999999
0.073657
0.07181699999999999
1001.051781
0.18661799999999998
0.214313
0.108844
0.093328
1.134309
0.543168
0.114174
0.095299
0.08841099999999999
0.08448699999999999
0.083226
0.087195
0.078808
0.07775
0.09113399999999999
0.08409799999999999
0.087861
0.09890299999999999
0.083482
0.08425099999999999
0.082033
0.080172
0.079318
0.08212799999999999
0.08084
0.078942
0.08190499999999999
0.08115
0.07868
0.079334
0.082823
0.078822
0.079508
0.078496
0.080995
0.079957
0.078897
0.080219
0.082379
0.078554
0.07929699999999999
0.080945
0.081051
0.079819
0.07994
0.078715
0.14461
0.112813
0.11678
0.091262
0.082982
0.07876899999999999
0.081277
0.081521
0.079328
0.10952999999999999
0.11427
0.089848
0.08651099999999999
0.08789
0.097702
0.098331
0.093822
0.11881299999999999
0.09046799999999999
0.111075
0.09554299999999999
0.09497599999999999
0.10525699999999999
0.09600399999999999
0.095915
0.091776
0.09577999999999999
0.097456
0.094275
0.09172699999999999
0.098345
0.090511
0.08588
0.086181
0.090783
0.08702399999999999
0.106843
0.091822
0.096575
0.08935699999999999
0.087569
0.21982
0.09326999999999999
0.093597
0.088882
0.08884099999999999
0.08707899999999999
0.085905
0.08970399999999999
0.092052
0.104007
0.085161
0.08648
0.12875899999999998
0.086894
0.081121
0.077767
0.08581699999999999
0.135372
0.073928
0.070649
0.07003999999999999
0.19250199999999998
0.122389
0.140281
0.462177
0.276022
0.26826099999999997
0.133082
0.123897
0.102129
0.083122
0.104337
0.082913
0.098809
0.089534
0.092253
0.083789
0.077475
0.074847
0.08023
0.080567
0.084587
0.08788399999999999
0.092302
0.087876
0.13572199999999998
0.09188299999999999
0.084786
3.056767
0.10535499999999999
0.094826
0.08592
0.35712499999999997
0.09978
0.10019399999999999
0.48340999999999995
0.09360299999999999
0.154557
0.08308399999999999
0.089519
0.052271
0.071889
0.068032
0.069797
0.069578
0.067523
0.063392
0.054461999999999997
0.046578999999999995
0.048277
0.061602
0.04602
0.044471
0.046468999999999996
0.091926
0.072917
0.070162
0.072226
0.072958
0.07385599999999999
0.081108
0.076918
0.087084
0.09068
0.08111
0.07746299999999999
0.079306
0.14843199999999998
0.08789
0.086765
0.10876999999999999
0.079826
0.085335
0.077016
0.070989
0.066485
0.072637
0.073405
0.07277299999999999
0.0727
0.11754099999999999
0.07114899999999999
0.070993
0.070683
0.070033
0.071974
0.090126
0.069269
0.063706
0.06983299999999999
0.068718
0.071211
0.070826
0.071481
0.072087
0.070584
0.066063
0.069544
0.07251099999999999
0.078126
0.07758799999999999
0.06942
1001.7254379999999
0.13422199999999998
0.07127499999999999
0.06426699999999999
0.057779
0.09229699999999999
0.360236
0.44199099999999997
0.301164
0.282762
0.132826
0.050796
0.051039999999999995
0.053515999999999994
0.053267999999999996
0.052209
0.050496
0.049696
0.04998
0.049954
0.050079
0.049720999999999994
0.051177999999999994
0.050943999999999996
0.050733999999999994
0.051127
0.069452
0.073353
0.06679299999999999
0.077259
0.056909999999999995
0.077252
0.052576
0.052875
0.080303
0.077778
0.049895999999999996
0.083331
0.051398
0.049812999999999996
0.051508
0.04924
0.049003
0.050946
0.049408
0.052013
0.048537
0.050015
0.058879999999999995
0.051132
0.047889
0.048512
0.049056999999999996
0.050144
0.049075999999999995
0.068505
0.053882
0.048878
0.04808
0.049915999999999995
0.05021
0.048031
0.047549
0.047396999999999995
0.049894
0.047567
0.049221999999999995
0.049977
0.048225
0.055071999999999996
0.061257
0.048820999999999996
0.057228999999999995
0.053231
0.050463
0.048704
0.047493
0.04833
0.04767
0.059556
0.049739
0.047833
0.067249
0.054502999999999996
0.050654
0.04813
0.047554
0.047514999999999995
0.050551
0.105266
0.051524999999999994
0.051956999999999996
0.049164
0.047223999999999995
0.048912
0.047021
0.046673
0.047
0.046456
0.045667
0.045190999999999995
0.047074
0.044988
0.044159
0.043987
0.044220999999999996
0.045899999999999996
0.045909
0.044538
0.045068
0.039425999999999996
0.044232999999999995
0.045221
0.043695
0.043691
0.044079
0.043551
0.043816
0.048423
0.044038999999999995
0.045569
0.043567999999999996
0.045319
0.042984
0.043549
0.044434999999999995
0.044837999999999996
0.043157
0.046362
0.044532999999999996
0.139735
0.052639
0.079965
0.065324
0.045724999999999995
0.045405
0.043371
0.04339
0.056677
0.043158999999999996
0.055054
0.043705
0.042823
0.042907999999999995
0.045169999999999995
0.044363
0.042614
0.042776999999999996
0.044603
0.04324
0.043164
0.052575
0.045204999999999995
0.044725999999999995
0.044432
0.047916
0.080507
0.12517699999999998
0.060131
0.093938
0.048392
0.046731999999999996
0.048645999999999995
0.046977
0.042332999999999996
0.043782
0.042353999999999996
0.045237
0.041946
0.042239
0.04176
0.041628
0.042066
0.041809
0.041978999999999995
0.043946
0.041236999999999996
0.052221
0.039452
0.040537
0.042227999999999995
0.045808999999999996
0.042852
0.041142
0.03859
0.038813
0.039067
0.037441999999999996
0.040333
0.163856
0.043123999999999996
0.042997
0.044224
0.040249
0.040175999999999996
0.042205
0.040140999999999996
0.042024
0.040351
0.063109
0.041074
0.039628
0.100616
0.047952999999999996
1000.4419489999999
0.077147
0.047951
0.038007
0.035595999999999996
0.036198
0.030674999999999997
0.04025
0.029782
0.029384
0.028841
0.030844
0.062345
0.029179999999999998
0.032035
0.028517999999999998
0.029127999999999998
0.029705
0.030652
0.028092
0.027847
0.028221999999999997
0.029009999999999998
0.028942
0.027849
0.027764999999999998
0.029023999999999998
0.048634
0.027857
0.027483999999999998
0.029155
0.027198999999999997
0.029283
0.027503
0.027583
0.027592
0.027652
0.027533
0.032153
0.027301
0.035907999999999995
0.029481999999999998
0.030133
0.027566999999999998
0.028745
0.027153999999999998
0.028853
0.027230999999999998
0.029082999999999998
0.028523
0.027271999999999998
0.028537
0.027226999999999998
0.028482
0.027089
0.026907999999999998
0.030587
0.026889999999999997
0.028741
0.026907
0.026626999999999998
0.028345
0.027204
0.026882
0.026973
0.026761999999999998
0.028633
0.027079
0.027004999999999998
0.028763999999999998
0.028598
0.027405
0.027875
0.026445
0.027183
0.026667999999999997
0.035141
0.027526
0.026593
0.026668999999999998
0.05454
0.037139
0.055928
0.027906999999999998
0.028904
0.029973
0.030678999999999998
0.031535
0.026892
0.026994999999999998
0.030810999999999998
0.028414
0.026964
0.027188999999999998
0.029068
0.027236999999999997
0.028709
0.026882
0.026968
0.027260999999999997
0.028416999999999998
0.029036
0.027374
0.026732
0.026959999999999998
0.028693
0.027395
0.026779999999999998
0.029279
0.028332
0.031046999999999998
0.029793999999999998
0.031055
0.030053
0.032257
0.029556
7.11321
0.132496
0.05506
0.043962999999999995
0.04056
0.033867
0.035191
0.031258
0.031395
0.029734999999999998
0.032258
0.027923999999999997
0.031549
0.027474
0.028676999999999998
0.029599
0.030292999999999997
0.036988
0.030268
0.027479
0.029491999999999997
0.029234
0.027302999999999997
0.030865999999999998
0.029463
0.030317
0.026757999999999997
0.030624
0.027007999999999997
0.030088999999999998
0.02865
0.029122
0.027399999999999997
0.029254
0.026931
0.02933
0.022279999999999998
0.020839
0.019693
0.019091999999999998
0.020128999999999998
0.020307
0.019148
0.018892
0.019001999999999998
0.02005
0.01907
0.018763
0.018903
0.019274
0.01881
0.018652
0.01892
0.018844
0.018892
0.018987
0.018997
0.018775
0.019046999999999998
0.020288999999999998
0.020168
0.019351999999999998
0.019984
0.018954
0.018999
0.021065
0.019298
0.018997
0.019001999999999998
0.020377
0.019018
0.019037
0.018862999999999998
0.020066999999999998
0.020138
0.019344999999999998
0.020245
0.019247
0.01933
0.019292
0.019785999999999998
0.020301
0.018869
0.019209
0.03166
0.019995
0.019070999999999998
0.020137
0.019438
1000.598306
0.092178
0.036286
0.04597
4.897895999999999
0.109563
0.062068
0.025696999999999998
2.5847629999999997
1.961376
0.112771
0.03974
0.022469
0.020659999999999998
0.022217
0.019961
0.019812
0.019726999999999998
0.021474
0.019909
0.020107
0.020076
0.019847
0.019429
0.020066
0.02009
0.020243
0.019863
0.019927
0.019618999999999998
0.021557
0.019627
0.019214
0.01994
3.279058
0.043273
0.032036999999999996
0.025648999999999998
0.022739
0.020231
0.020269
0.020238
0.019701
0.021074
0.020489
0.02046
0.021721999999999998
0.020819999999999998
0.022199999999999998
0.024242999999999997
0.021696999999999998
0.021448
0.021625
0.01975
2.138258
0.073382
0.030078999999999998
0.025955
0.021131
0.020260999999999998
0.02761
0.021041999999999998
0.02337
0.01974
0.019192999999999998
0.023666
0.019549
0.019985
0.022546999999999998
0.021358
0.019774
0.020981
0.019826
0.019060999999999998
0.023027
0.019466999999999998
0.021134999999999998
0.02121
0.01958
0.019082
0.019788999999999998
0.021492
0.01982
0.019544
0.01923
0.019334999999999998
0.021373
0.054492
0.020533
0.019169
0.019823
0.019763
0.019563
0.019187
0.01962
0.019871
0.019393999999999998
0.020891999999999997
0.021306
0.019514
0.019188
0.019468
0.019572
0.019399
0.019385
0.019823999999999998
0.020971
0.019646
0.019031
0.019726999999999998
0.022348
0.019806999999999998
0.021342999999999997
0.021414
0.019638
0.020194
0.019726999999999998
0.021041999999999998
0.020989
0.019981
0.019348
0.019284
0.024145
0.019538
0.019570999999999998
0.021211999999999998
0.021228999999999998
0.020992
0.020432
0.019095
0.022088999999999998
0.02131
0.021165
0.021325999999999998
0.021292
0.019372
0.019636
0.019191
0.019910999999999998
0.02131
0.019267
0.019559
0.019131
0.018987
11.687840999999999
0.053506
0.037448999999999996
0.026307999999999998
0.028218
0.022227
0.021137
0.022557999999999998
0.021737
0.02011
0.023198
0.020187
0.019787
0.02283
0.021353999999999998
0.021966
0.020430999999999998
0.021331
0.020002
0.019757999999999998
0.021317
0.01988
0.019285
0.019511999999999998
0.021248
0.019687
0.019558
0.019607
0.019371
0.019483
0.023877
0.029741
0.019823
0.019658
0.020172
0.019754999999999998
0.021521
0.020187999999999998
0.021175
0.019542999999999998
0.021817
0.019407999999999998
0.020964999999999998
0.023006
0.019389
0.019499
0.019371
0.018727999999999998
0.02079
0.020388999999999997
0.021143
0.019306
0.019592
0.019413
0.019688999999999998
0.21720899999999999
0.046210999999999995
0.040181999999999995
0.022733
1000.4452329999999
0.03827
0.024057
0.018864
0.017741
0.019778999999999998
0.018383
0.016908
0.016399
0.01923
0.016028
0.016661
0.017639
0.010327
0.010232999999999999
0.010768999999999999
0.010513999999999999
0.010683999999999999
0.013130999999999999
0.010398
0.01023
0.010409999999999999
0.01023
0.009937
0.083228
0.023219999999999998
0.016359
0.018963
0.012589999999999999
0.037831
0.021483
0.021845
0.022279
0.021370999999999998
0.024437999999999998
0.029654
0.022309
0.023509
0.021039
0.021358
0.022569
0.021536
0.02223
0.024444
0.022802
0.023045
0.0242
0.022441
0.024798
0.023611
0.0235
0.023235
0.024463
0.024052999999999998
0.030629999999999998
0.033549999999999996
0.032069
0.022122
0.023417
0.022084
0.024482999999999998
0.125331
0.028411
0.024585
0.024666
0.022293
0.024420999999999998
0.026636
0.020715
0.022496
0.020588
0.021029
0.021487
0.020838
0.020574
0.021876
0.020672
0.020947999999999998
0.026945999999999998
0.025821999999999998
0.025959
0.022059
0.021706
0.023764
0.021887999999999998
0.02736
0.021342
0.021775
0.023696
0.02107
0.020690999999999998
0.025401
0.020885
0.023638
0.021606
0.021549
0.022708
0.021818
0.021270999999999998
0.027188
0.021688
0.021491
0.021523999999999998
0.025883
0.02136
0.020984
0.021467
0.021408
0.021235
0.02164
0.021456
0.021485
0.020996
0.021925
0.021313
0.021226
0.020973
0.020485
0.022002999999999998
0.026941
0.022795
0.021963
0.022521
0.022039
0.021641999999999998
0.030355
0.021226
0.02252
0.022119
0.022125
0.021922
0.021172999999999997
0.026029
0.021653
0.021048
0.020864
0.021752
0.022174
0.022597
0.041128
0.024909999999999998
0.024931
0.023535
0.021318999999999998
0.025706999999999997
0.025495999999999998
0.025325999999999998
0.025453999999999997
0.024753999999999998
0.024834
0.021892
0.021449
0.021474999999999998
0.025856
0.021414
0.021492999999999998
0.02487
0.042691
0.021811999999999998
0.024304
0.021144
0.021651999999999998
0.025339999999999998
0.025717999999999998
0.025512
0.021197
0.021526
0.022026
0.021421
0.021721
0.021664
0.022019999999999998
0.025258
0.021724
0.024555999999999998
0.026442999999999998
0.027423
0.022158999999999998
0.02522
0.022052
0.023247
0.023146
0.042461
0.022394999999999998
0.045440999999999995
0.027763
0.022347
0.022661999999999998
0.031958
0.022815
0.024196
0.022791
0.021713
0.022562
0.021511
0.021278
0.021345
0.021608
0.022258999999999998
0.025828
0.021228999999999998
0.025436
0.022341999999999997
1000.5053019999999
0.09570999999999999
0.027971
0.025013999999999998
0.023008
0.020697999999999998
0.034751
0.020753
0.019541
0.021672999999999998
0.021507
0.019613
0.021005
0.019407999999999998
0.021079999999999998
0.021044999999999998
0.021037
0.019240999999999998
0.021544999999999998
0.021358
0.019323
0.019577999999999998
0.020732999999999998
0.021107
0.019284
0.019277
0.019139
0.019341
0.018682
0.019096
0.019147
0.018945
0.018583
0.019202999999999998
0.020829
0.019320999999999998
0.021138999999999998
0.021009
0.018903
0.019212
0.018816
0.018831999999999998
0.020853999999999998
0.028939999999999997
0.021327
0.019233
0.018469
0.018937
0.019191
0.018806
0.018836
0.018927
0.019112999999999998
0.02086
0.019111
0.021171
0.019472
0.019152
0.018904999999999998
0.0207
0.019087
0.018782
0.018918
0.018979
0.018962
0.019236
0.019069
0.020408
0.019556
0.019035
0.018779
0.018997999999999998
0.020686
0.019083
0.019094
0.019004999999999998
0.021099
0.019377
0.018852
0.018709999999999997
0.020789
0.019145
0.018823
0.018792
0.019232
0.018931999999999997
0.020687999999999998
0.020498
0.019403
0.019001
0.018505
0.019101
0.018812
0.018990999999999997
0.020967
0.018928
0.019049
0.019046
0.018838999999999998
0.020869
0.018928
0.019159
0.019022
0.020399999999999998
0.024555
0.021304
0.272165
0.331322
0.055437999999999994
0.025615
0.0225
0.021936999999999998
0.023637
0.021786999999999997
0.02562
0.023979
0.021727999999999997
0.02369
0.021622
0.021688
0.020829999999999998
0.0237
0.021440999999999998
0.02371
0.02161
0.020998
0.023018
0.02098
0.021294
0.021594
0.021374999999999998
0.022732
0.021884
0.021172999999999997
0.023240999999999998
0.026827999999999998
0.023354
0.02179
0.02138
0.021255
0.021571
0.021209
0.021485
0.021133
0.021553
0.020987
0.022389
0.021668
0.061184999999999996
0.026418999999999998
0.023792999999999998
0.023437
0.021053
0.021197999999999998
0.023249
0.021098
0.02105
0.020957
0.021251
0.021374
0.021377
0.021721
0.021311999999999998
0.023108
0.021623
0.021547
0.021551
0.021317
0.02105
0.021339999999999998
0.022962999999999997
0.022855999999999998
0.023045
0.023580999999999998
0.023052
0.021352
0.02127
0.020912
0.020305
0.02131
0.021457999999999998
0.023098999999999998
0.023646999999999998
0.023624
0.021603999999999998
0.023308
0.020904
0.021627999999999998
0.022994
0.021308
0.020635
0.021218
0.021634
0.021592999999999998
0.022803
0.021724
0.021748999999999998
0.022933
0.02052
0.021011
0.0208
0.023096
0.021374
0.019384
0.020992
0.020356
1000.230694
0.035042
0.020496
0.019067999999999998
0.022021
0.018439
0.020675
0.019336
0.012595
0.012058
0.011680999999999999
0.013288999999999999
0.013227
0.013439999999999999
0.013238999999999999
0.013057
0.011923
0.01193
0.012105
0.011713
0.011684
0.011973
0.011989
0.011937
0.012046
0.015882999999999998
0.022092999999999998
0.032451
0.021450999999999998
0.02218
0.020194
0.021495999999999998
0.021526
0.012601999999999999
0.013397
0.012267
0.011708
0.01154
0.01172
0.011828
0.011682999999999999
0.01309
0.011973
0.012036
0.012338
0.011663999999999999
0.013292
0.012069999999999999
0.013064
0.012059
0.011753
0.012194
0.012013
0.011907
0.011821
0.011922
0.011654999999999999
0.013385999999999999
0.012931
0.011781
0.011987
0.011811
0.011911999999999999
0.013014
0.012024
0.022765
0.015168
0.022123
0.013508
0.011564999999999999
0.012869
0.1351
0.049776999999999995
0.022501999999999998
0.022418
0.022217
0.020864999999999998
0.0219
0.0203
0.020475999999999998
0.022116999999999998
0.022973999999999998
0.022819
0.02198
0.021176999999999998
0.022913
0.020737
0.021082
0.021608
0.021748999999999998
0.023916
0.021405999999999998
0.02337
0.022036999999999998
0.024045
0.021797
0.021672
0.021113
0.020479
0.019926
0.020267999999999998
0.021972
0.021071
0.020731
0.020243999999999998
0.021383
0.019712999999999998
0.035814
0.02009
0.020430999999999998
0.022296999999999997
0.022108
0.020153
0.020255
0.021315
0.022563999999999997
0.023389
0.02146
0.021877999999999998
0.022501999999999998
0.022458
0.019947
0.020346
0.020279
0.020033
0.020509
0.020245
0.02003
0.020610999999999997
0.022763
0.02062
0.020447
0.020377
0.020065
0.019726999999999998
0.021969
0.021335999999999997
0.022735
0.020885
0.020723
0.020923999999999998
0.021967999999999998
0.022521
0.020623
0.020874
0.020257
0.019337
0.019797
0.019642
0.019684999999999998
0.021623
0.020368
0.020422
0.02315
0.020697999999999998
0.026541
0.027075
0.027086
0.023323
0.047722999999999995
0.022524
0.021668999999999997
0.022882
0.023816999999999998
0.024128
0.021563
0.021678
0.023955999999999998
0.023705
0.021202
0.021585
0.020682
0.021532
0.021884999999999998
0.024045999999999998
0.024111
0.021471999999999998
0.024357999999999998
0.023906999999999998
0.024576999999999998
0.024229
0.021623999999999997
0.023812999999999997
0.023738
0.022784
0.022234999999999998
0.024617
0.022227999999999998
0.023028
0.022202
0.021783
0.021889
0.022139
0.021707999999999998
0.02306
0.022699
0.021016
0.034074
0.022174
0.021197
0.021429999999999998
1000.272332
0.03233
0.022126
0.017772
0.016952
0.016975999999999998
0.018723999999999998
0.018543
0.017003
0.016652999999999998
0.018482
0.017109
0.017159999999999998
0.018161
0.016604
0.016439
0.017817
0.016852
0.01685
0.016649999999999998
0.018594
0.01696
0.016909
0.017362
0.016715
0.017116
0.017003
0.016611
0.017144
0.016835
0.016814
0.016711
0.016606
0.016715999999999998
0.018409
0.016552
0.016451
0.016508
0.016845
0.067303
0.017578
0.044496
0.019653
0.017273
0.017369
0.01704
0.01676
0.016849
0.016645
0.016691
0.016707
0.016600999999999998
0.018959
0.016918
0.016732999999999998
0.018639
0.016486
0.016679
0.016711999999999998
0.018623999999999998
0.018328
0.016884
0.017192
0.016703
0.016947999999999998
0.018078
0.016477
0.016468
0.016597
0.018743
0.016401
0.016725999999999998
0.018297
0.016859
0.016684
0.016271
0.016319
0.016828
0.016574
0.016902
0.01822
0.01651
0.016632
0.01671
0.016564
0.016933999999999998
0.018393
0.017043
0.016965
0.01646
0.016527999999999998
0.018543
0.016843999999999998
0.018749
0.017225999999999998
0.018473
0.016449
0.016595
0.016656
0.016507
0.016516
0.016749999999999998
0.018792
0.016963
0.016724
0.016735
0.016635999999999998
0.018539999999999997
0.018016
0.01652
0.016815
0.016576999999999998
0.018578
0.016612
0.016626
0.016679
0.016654
0.016704999999999998
0.018418999999999998
0.018583
0.016774
0.016937999999999998
0.018187
0.016786
0.016576999999999998
0.018449
0.016502
0.016682
0.0168
0.016554
0.016585
0.016578
0.016929
0.016645999999999998
0.018758999999999998
0.018386
0.016899
0.016658
0.016658
0.016364
0.016437999999999998
0.018234999999999998
0.018344
0.017075
0.01659
0.017183
0.016281999999999998
0.018564
0.016819999999999998
0.018512999999999998
0.018584
0.0166
0.016302999999999998
0.018491999999999998
0.018442
0.016999
0.016484
0.016666
0.016377
0.016604
0.016638999999999998
0.018123
0.016786
0.017006999999999998
0.018757
0.016524
0.016527
0.016389
0.016616
0.016798999999999998
0.018120999999999998
0.018223
0.016697
0.016849
0.018456999999999998
0.018678
0.016824
0.016693
0.017117999999999998
0.018763
0.019233
0.016464
0.016781
0.016756
0.016531999999999998
0.018625
0.016680999999999998
0.018553999999999998
0.0185
0.016472
0.016713
0.016579999999999998
0.018504
0.016331
0.016524999999999998
0.018153
0.016632
0.016465999999999998
0.018265999999999998
0.018723999999999998
0.018456
