0.04	0.0	 0.0	0.0	-0.0
0.13999999999999999	1.1752169110238761E-18	 0.01919274866585383	0.36283541572697814	-1.57782850813355E-15
0.24000000000000007	2.995731588819874E-18	 0.07399216265784478	0.6912942873547285	-7.553268155272994E-15
0.34000000000000014	-1.0642326637525982E-17	 0.1587994889465965	0.969409432200928	-1.4161401412109551E-14
0.4400000000000002	-2.8366387036464866E-17	 0.2690153384808522	1.2048971613327588	-1.5418977599285298E-14
0.5400000000000003	-4.955017766111211E-17	 0.40074528226907574	1.404291087191537	-1.1672285811819643E-14
0.6400000000000003	-5.655156060863131E-17	 0.550691800357835	1.5731233988196252	-4.3819890745688964E-15
0.7400000000000004	-4.642550782532341E-17	 0.7160627920651265	1.7160783525721897	3.4615891114910584E-15
0.8400000000000005	-1.5356899931064976E-17	 0.8944941090829673	1.8371222369171205	8.847295826135048E-15
0.9400000000000006	3.8321206725863767E-17	 1.0839839621284135	1.9396134171994714	8.71125368166314E-15
1.0400000000000007	5.482501771435629E-17	 1.2828373812540288	2.026395513564913	9.633606402799886E-17
1.1400000000000008	4.4327217601323993E-17	 1.489619188867852	2.099876297265847	-1.3011877837289451E-14
1.2400000000000009	-1.3879260049358547E-17	 1.7031141806982186	2.1620944943299794	-2.4996930397524215E-14
1.340000000000001	-9.779353369600224E-17	 1.922293409923393	2.214776350060675	-2.818513338136834E-14
1.440000000000001	5.043573591001171E-5	 2.1462856199169007	2.2593835237524673	0.04673965546225751
1.5400000000000011	0.001962631198953591	 2.374341801363519	2.2971536424616734	0.963693864920406
1.6400000000000012	0.011973858121941012	 2.6053178788646547	2.3211126527977015	3.7569338233059897
1.7400000000000013	0.03820955292048559	 2.8369959009654258	2.343687135865323	8.480794170127249
1.8400000000000014	0.08731027662875993	 3.067484210524376	2.3685358254961355	14.46992472842947
1.9400000000000015	0.1612672156852758	 3.2936337520299	2.3895758932576294	20.432813307124594
2.0400000000000005	0.2563306744343774	 3.513897866724205	2.4073910963120118	25.034531704803115
2.1399999999999983	0.36472932805330854	 3.729787167355618	2.422475717876288	27.437143971752818
2.239999999999996	0.47764406580442725	 3.9449229897774063	2.435248281121447	27.60728438508242
2.339999999999994	0.5880752253355204	 4.162646706030925	2.446063161107427	26.302785136572417
2.439999999999992	0.6929889028496932	 4.384174757664017	2.455220416927279	24.755091459176615
2.53999999999999	0.7941933452395691	 4.6083470332146375	2.4629741168535766	24.181186117008316
2.6399999999999877	0.8973478816574163	 4.8324033441613565	2.469539387468462	25.32084124206396
2.7399999999999856	1.0092866896987767	 5.052850245288842	2.4750983823555988	28.177409082253522
2.8399999999999834	1.1348824855836348	 5.266378475999331	2.4798053359555228	32.05261375035171
2.9399999999999813	1.2750178856932426	 5.4711862057995875	2.4837908428037316	35.84793353722132
3.039999999999979	1.4265425082332965	 5.668206900452614	2.4871654808790624	38.5055439510692
3.139999999999977	1.583821510308779	 5.86108636248377	2.4900228795922494	39.41514586073862
3.239999999999975	1.740804298462773	 6.054541972947316	2.4924423175360726	38.632799130782594
3.3399999999999728	1.8929288215031057	 6.252109607890262	2.4944909220717273	36.8351527333174
3.4399999999999706	2.0385993138082643	 6.45471491411733	2.4962255317790025	35.0367762465971
3.5399999999999685	2.1797664856571655	 6.660685118674241	2.497694273443978	34.18851375302246
3.6399999999999664	2.321078239276552	 6.86671850714203	2.498937897337807	34.816351812634444
3.7399999999999642	2.4677747428480323	 7.069078228367784	2.499990907833923	36.83839325141475
3.839999999999962	2.6233630104050456	 7.264793347761298	2.500882520732672	39.62284545650805
3.93999999999996	2.78827067547765	 7.452836989336488	2.501637473854362	42.254448432211824
4.039999999999958	2.959989672941031	 7.634795337914041	2.502276713390656	43.89858972898248
4.139999999999956	3.134289085926082	 7.814374877624014	2.5028179750571375	44.11972645399824
4.239999999999954	3.306552399648142	 7.995570674668504	2.492572763261867	43.03380051324589
4.339999999999952	3.471544846073726	 8.17890367430672	2.4388983945869804	41.242534407406815
4.43999999999995	3.6259048929933937	 8.361503689036175	2.3468162656743625	39.58243921367422
4.539999999999948	3.7695531704246874	 8.538750114602053	2.223965155434445	38.79132436652477
4.6399999999999455	3.9044055568573595	 8.70556308050619	2.0774173511703036	39.22579595251171
4.739999999999943	4.0323708146605535	 8.857758668632394	1.9136036624064359	40.740282678998064
4.839999999999941	4.1536620500187995	 8.993161053355118	1.7383034750657345	42.58521761651119
4.939999999999939	4.26652892145548	 9.111962434939425	1.5566623515696525	44.15402559121424
5.039999999999937	4.369381019697779	 9.214977715952765	1.3731889935116823	45.482378376931955
5.139999999999935	4.461202640926685	 9.303158496288292	1.1917557885392887	46.60713115214523
5.239999999999933	4.541467440327947	 9.377540705045574	1.0156125404386123	47.55949020837777
5.339999999999931	4.61005601470522	 9.439207538308816	0.8474095354570108	48.36587876946946
5.4399999999999284	4.667178718167906	 9.489262498753504	0.6892268846193204	49.048670104527396
5.539999999999926	4.713304817491625	 9.52880888890581	0.5426087188474394	49.62680827478994
5.639999999999924	4.74909848582933	 9.55893339477793	0.40860281486440736	50.11633373703992
5.739999999999922	4.775361943939149	 9.580692453746522	0.2878077928110119	50.53082838644571
5.83999999999992	4.792986089439843	 9.595100919277995	0.18042983135262175	50.8817923865538
5.939999999999918	4.8029089599713455	 9.603123040466807	0.08634819226547687	51.17896324159005
6.039999999999916	4.806336443388644	 9.605868850211357	0.02131536045320014	51.414424926701926
6.1399999999999135	4.807062387311556	 9.60644782970328	0.011685618315298112	51.41828189891258
6.239999999999911	4.807814285985369	 9.607047637902202	0.0018298561092980534	51.42308350020243
6.339999999999909	4.808447812394196	 9.607553052688882	0.008733736322362051	51.42813941692612
6.439999999999907	4.809213767726526	 9.608163940871053	0.01519005628164827	51.41548590614043
6.539999999999905	4.8098391624610475	 9.608662585680376	0.005099904670720971	51.43458020361256
6.639999999999903	4.810568325788021	 9.609243911209028	0.011298818207481584	51.452994509813045
6.739999999999901	4.811263003988036	 9.609797701660352	0.017408316285127713	51.438278782609046
6.839999999999899	4.81191092608902	 9.610314113944186	0.006775824516184581	51.43900852802569
6.9399999999998965	4.812508077481421	 9.610789969057775	0.012780540579026212	51.45525896405311
7.039999999999894	4.813289452704027	 9.611412826526468	0.01822478955931239	51.440196158187455
7.139999999999892	4.813975859095107	 9.611959875404882	0.007015135274709957	51.440632022571826
7.23999999999989	4.814570016027535	 9.612433319742829	0.012527208905582966	51.456633621460355
7.339999999999888	4.815313349221461	 9.613025827444075	0.017558879598652766	51.44136011835706
7.439999999999886	4.81593269962462	 9.613519416376233	0.006011547763863003	51.441617579605364
7.539999999999884	4.816667685987667	 9.614105255476087	0.01072366521762076	51.458953249285905
7.6399999999998816	4.81738622223552	 9.614678040328892	0.015312529861554925	51.42742983100062
7.739999999999879	4.817941091282593	 9.615120285935989	0.0034055657549383767	51.44469345272672
7.839999999999877	4.818714787095338	 9.615737123622857	0.007554874669207466	51.43027612002042
7.939999999999875	4.819414936073551	 9.616295332821075	0.01167599386339066	51.432415629769736
8.039999999999873	4.820174626148262	 9.616901085019574	0.01550940067267183	51.43505091817801
8.139999999999871	4.820832083237012	 9.617425357800613	0.002693954688152733	51.43795648080753
8.239999999999869	4.821527077794221	 9.617979580945676	0.006324287220441467	51.42482205859597
8.339999999999867	4.8222300566500556	 9.61854022164298	0.009760052013843883	51.44473202050574
8.439999999999864	4.822935641766361	 9.619102654485209	0.013024478118450856	51.42953531916149
8.539999999999862	4.823629071650231	 9.619655614959667	-5.33496183218181E-4	51.43261208010356
8.63999999999986	4.824298619282509	 9.620189287428996	0.002472552567585035	51.44980501729384
8.739999999999858	4.824944493308893	 9.620704140640926	0.005380618843250011	51.43485453975496
8.839999999999856	4.825665008871946	 9.621278730296918	0.007953968291042801	51.438106279303526
8.939999999999854	4.8261729766274515	 9.621683605780762	0.009260188522517592	51.471101057581514
9.039999999999852	4.826243781644472	 9.621739864901668	0.009108467847388032	51.52782323980565
9.13999999999985	4.826303776999499	 9.621787447125737	0.008980001786079623	51.57585146887153
9.239999999999847	4.8263546073692245	 9.621827697619198	0.008871226044777376	51.616518289095225
9.339999999999845	4.826397668797634	 9.621861751068645	0.008779122638046092	51.65095200233579
9.439999999999843	4.826434145822772	 9.621890565155674	0.00870113615475533	51.68010797275617
9.539999999999841	4.826465043192854	 9.62191494855876	0.008635102858139026	51.70479513342384
9.639999999999839	4.826491212921035	 9.621935584417372	0.008579190652869273	51.725698430177275
9.739999999999837	4.826513377336251	 9.621953050023055	0.00853184825352958	51.74339782546391
9.839999999999835	4.826532148703131	 9.621967833365549	0.008491762144165343	51.75838438941161
9.939999999999833	4.82654804590775	 9.621980347051762	0.008457820134753612	51.771073924580506
10.03999999999983	4.82656150863819	 9.621990940025956	0.008429080503465431	51.78181850241467
10.139999999999828	4.826572909429009	 9.62199990744663	0.008404745868572093	51.79091623147237
10.239999999999826	4.826582563886406	 9.622007499015865	0.00838414106507082	51.798619528454765
10.339999999999824	4.826590739365331	 9.622013926007826	0.008366694412216276	51.805142121513185
10.439999999999822	4.8265976623303635	 9.622019367202702	0.008351921852225202	51.81066498014149
10.53999999999982	4.826603524598213	 9.622023973898656	0.008339413520082105	51.81534133617889
10.639999999999818	4.826608488630455	 9.62202787414668	0.008328822371825024	51.81930093523083
10.739999999999815	4.826612692020098	 9.622031176329974	0.008319854555802855	51.82265363646373
10.839999999999813	4.8266162512940936	 9.622033972190104	0.008312261259754563	51.825492460650125
10.939999999999811	4.826619265135623	 9.622036339386032	0.008305831807507264	51.82789617103212
11.039999999999809	4.826621817114356	 9.622038343658595	0.008300387813761018	51.829931458609366
11.139999999999807	4.826623977999562	 9.622040040661492	0.008295778234784583	51.831654792482325
11.239999999999805	4.826625807719643	 9.622041477510464	0.008291875177703627	51.83311398658879
11.339999999999803	4.826627357022013	 9.622042694094107	0.008288570352109987	51.834349526302695
11.4399999999998	4.8266286688790405	 9.62204372418319	0.008285772065541833	51.835395691701706
11.539999999999798	4.826629779678863	 9.62204459636948	0.008283402679474207	51.83628150866878
11.639999999999796	4.8266307202339425	 9.622045334860356	0.008281396455236368	51.837031554216
11.739999999999794	4.826631516635186	 9.622045960151388	0.008279697730090848	51.83766663837424
11.839999999999792	4.826632190975313	 9.622046489595686	0.008278259372869561	51.83820438156805
11.93999999999979	4.826632761961434	 9.622046937885841	0.008277041476318456	51.838659703494635
12.039999999999788	4.8266332454338	 9.622047317461938	0.008276010249869794	51.839045237071296
12.139999999999786	4.826633654805091	 9.622047638856937	0.008275137082122132	51.83937167893594
12.239999999999783	4.826634001432408	 9.622047910989115	0.008274397747016302	51.83964808622561
12.339999999999781	4.826634294932286	 9.622048141409616	0.008273771731682849	51.83988212786686
12.43999999999978	4.826634543447416	 9.622048336512059	0.008273241667312	51.84008029735041
12.539999999999777	4.826634753872519	 9.62204850170999	0.008272792847255635	51.84024809289312
12.639999999999775	4.826634932045605	 9.62204864158714	0.008272412818991009	51.84039016998617
12.739999999999773	4.826635082909911	 9.622048760024624	0.008272091038625215	51.84051047056176
12.83999999999977	4.826635210651054	 9.62204886030865	0.00827181857835462	51.840612332362106
12.939999999999769	4.826635318813123	 9.622048945221712	0.008271587878762783	51.8406985815452
13.039999999999766	4.826635410397017	 9.62204901711981	0.00827139253908424	51.84077161109659
13.139999999999764	4.826635487943683	 9.622049077997813	0.008271227139615124	51.840833447222884
13.239999999999762	4.826635553604627	 9.622049129544827	0.008271087091343377	51.8408858055688
13.33999999999976	4.8266356092015865	 9.622049173191048	0.008270968508626492	51.84093013881785
13.439999999999758	4.826635656277084	 9.622049210147473	0.00827086810138427	51.840967676997046
13.539999999999756	4.826635696137219	 9.62204924143947	0.008270783083815483	51.84099946160402
13.639999999999754	4.8266357298879035	 9.622049267935246	0.008270711097105723	51.841026374503436
13.739999999999752	4.8266357584655415	 9.622049290369937	0.008270650143982093	51.8410491623943
13.83999999999975	4.826635782663023	 9.622049309365995	0.00827059853329878	51.841068457527165
13.939999999999747	4.826635803151697	 9.62204932545047	0.008270554833116178	51.841084795245926
14.039999999999745	4.826635820500023	 9.622049339069635	0.008270517830971722	51.84109862884097
14.139999999999743	4.8266358351893315	 9.622049350601351	0.008270486500240076	51.84111034212571
14.23999999999974	4.826635847627174	 9.622049360365569	0.008270459971649371	51.84112026008552
14.339999999999739	4.826635858158638	 9.622049368633201	0.00827043750916324	51.84112865789439
14.439999999999737	4.826635867075919	 9.622049375633631	0.0082704184895595	51.841135768549734
14.539999999999734	4.826635874626426	 9.622049381561085	0.008270402385138804	51.84114178933685
14.639999999999732	4.826635881019649	 9.622049386580022	0.008270388749083634	51.8411468873026
14.73999999999973	4.826635886432966	 9.622049390829694	0.008270377203061327	51.84115120389016
14.839999999999728	4.8266358910165685	 9.622049394428007	0.008270367426727234	51.84115485886339
14.939999999999726	4.826635894897634	 9.622049397474798	0.008270359148836733	51.84115795362956
15.039999999999724	4.826635898183837	 9.6220494000546	0.008270352139719567	51.84116057405306
15.139999999999722	4.826635900966357	 9.622049402238991	0.008270346204907623	51.84116279283758
15.23999999999972	4.826635903322393	 9.622049404088575	0.008270341179739401	51.841164671543346
15.339999999999717	4.826635905317311	 9.622049405654664	0.008270336924791495	51.841166262295104
15.439999999999715	4.826635907006464	 9.622049406980718	0.008270333322010279	51.8411676092283
15.539999999999713	4.8266359084367165	 9.622049408103523	0.008270330271436503	51.84116874971362
15.639999999999711	4.826635909647751	 9.622049409054233	0.00827032768843193	51.84116971539385
15.739999999999709	4.826635910673167	 9.622049409859224	0.008270325501331032	51.84117053306181
15.839999999999707	4.826635911541414	 9.622049410540836	0.008270323649452658	51.841171225403734
15.939999999999705	4.826635912276582	 9.622049411117969	0.00827032208141639	51.84117181162864
16.039999999999708	4.826635912899071	 9.622049411606646	0.008270320753719916	51.841172308001376
16.139999999999723	4.826635913426148	 9.622049412020425	0.008270319629520205	51.84117272829379
16.23999999999974	4.826635913872439	 9.622049412370783	0.008270318677629443	51.84117308416692
16.339999999999755	4.826635914250325	 9.622049412667439	0.008270317871637395	51.841173385494464
16.43999999999977	4.826635914570294	 9.622049412918624	0.008270317189181794	51.84117364063676
16.539999999999786	4.826635914841218	 9.62204941313131	0.0082703166113279	51.841173856672775
16.6399999999998	4.826635915070619	 9.622049413311396	0.008270316122043148	51.841174039596375
16.739999999999817	4.826635915264858	 9.622049413463882	0.00827031570775231	51.841174194482825
16.839999999999833	4.826635915429326	 9.622049413592997	0.008270315356960888	51.841174325629424
16.93999999999985	4.826635915568586	 9.622049413702324	0.008270315059936155	51.84117443667485
17.039999999999864	4.826635915686499	 9.622049413794889	0.008270314808437158	51.841174530700066
17.13999999999988	4.826635915786341	 9.622049413873267	0.008270314595486052	51.84117461031379
17.239999999999895	4.826635915870881	 9.622049413939633	0.008270314415174512	51.84117467772492
17.33999999999991	4.826635915942463	 9.622049413995825	0.008270314262499778	51.84117473480378
17.439999999999927	4.826635916003071	 9.622049414043403	0.00827031413322589	51.84117478313402
17.539999999999942	4.826635916054392	 9.622049414083692	0.008270314023766136	51.84117482405657
17.639999999999958	4.826635916097846	 9.622049414117807	0.008270313931083554	51.841174858706815
17.739999999999974	4.826635916134639	 9.62204941414669	0.008270313852606676	51.84117488804613
17.83999999999999	4.826635916165793	 9.62204941417115	0.008270313786158142	51.841174912888526
17.940000000000005	4.826635916192172	 9.622049414191858	0.008270313729894346	51.84117493392327
18.04000000000002	4.826635916214508	 9.62204941420939	0.008270313682254237	51.84117495173397
18.140000000000036	4.826635916233419	 9.622049414224241	0.008270313641916058	51.84117496681478
18.24000000000005	4.826635916249432	 9.62204941423681	0.00827031360776061	51.841174979584125
18.340000000000067	4.826635916262991	 9.622049414247455	0.008270313578840255	51.841174990396276
18.440000000000083	4.826635916274473	 9.62204941425647	0.008270313554352596	51.84117499955121
18.5400000000001	4.826635916284196	 9.622049414264103	0.008270313533618227	51.841175007302944
18.640000000000114	4.826635916292426	 9.622049414270565	0.008270313516061861	51.841175013866554
18.74000000000013	4.826635916299397	 9.622049414276038	0.008270313501196409	51.84117501942414
18.840000000000146	4.826635916305298	 9.62204941428067	0.008270313488609416	51.8411750241299
18.94000000000016	4.826635916310295	 9.622049414284593	0.008270313477951673	51.841175028114414
19.040000000000177	4.826635916314527	 9.622049414287913	0.008270313468927459	51.8411750314882
19.140000000000192	4.826635916318109	 9.622049414290727	0.008270313461286413	51.841175034344886
19.240000000000208	4.826635916321143	 9.622049414293109	0.008270313454816531	51.84117503676371
19.340000000000224	4.826635916323712	 9.622049414295123	0.008270313449338313	51.841175038811805
19.44000000000024	4.826635916325888	 9.62204941429683	0.008270313444699744	51.841175040545984
19.540000000000255	4.82663591632773	 9.622049414298276	0.008270313440772148	51.84117504201436
19.64000000000027	4.826635916329288	 9.6220494142995	0.008270313437446542	51.841175043257685
19.740000000000286	4.82663591633061	 9.622049414300536	0.008270313434630661	51.841175044310425
19.840000000000302	4.826635916331728	 9.622049414301413	0.008270313432246379	51.84117504520181
19.940000000000317	4.826635916332674	 9.622049414302158	0.008270313430227536	51.841175045956575
